0.0258293
0.0232002
0.0169737
0.012955
-0.00344325
0.00870323
0.00148145
0.0041695
0.0165277
0.0115434
-0.00518263
-0.0216264
-0.0137598
-0.0205597
-0.0021815
-0.00356782
0.00229177
0.0191079
0.00189007
0.0058041
0.0108618
0.010785
0.00378856
0.00423162
-0.00233046
-0.000512248
-0.00463033
0.00893646
0.019346
0.0247127
0.0090977
-0.0186192
-0.00302285
-0.0037827
0.0050822
0.00476204
-0.00144153
-0.00481391
-0.00441627
-0.00685387
-0.0206462
-0.00565716
-0.00482594
0.00350591
-0.00419597
-0.00214853
0.00820281
0.00243697
-0.0023782
-0.0172207
-0.00628706
-0.000610623
0.00638173
-0.00805411
-0.00264039
0.0218222
0.0288378
0.0181114
-0.0125255
-0.00410995
0.00628319
0.00961826
-0.00034757
0.00451766
0.0285324
0.0167186
0.00990313
-0.0104631
0.00593804
0.0228578
0.0181661
-0.00592414
0.0017161
0.00896481
0.00170058
0.00122336
-0.00869983
-0.00118562
0.00525505
0.0072721
-0.00501148
0.0021671
0.00805703
0.0053695
0.00360661
-0.0113411
-0.00338424
-0.00637209
-0.00519351
-0.00420893
-0.000952422
0.0173011
0.00122175
0.00779246
0.00887334
0.0258426
0.0426378
0.0279767
-0.0107692
-0.0127942
0.00488449
0.00170761
0.00647088
-0.000336343
0.0108539
0.00682254
0.00157459
-0.0200503
0.0181269
0.0113613
0.0118444
0.00300817
-0.0104342
-0.00495852
-0.0105341
-0.00779458
0.0117902
0.0192799
0.00929728
0.00792553
-0.00022895
-0.0127463
-0.00943274
-0.0152795
-0.0111473
0.0120784
-0.0102856
0.00872553
0.0114641
0.0086962
-0.00780799
-0.00359154
-0.0101973
-0.00719622
-0.0156496
-0.00691556
0.0147788
0.0102351
0.0011102
-0.01467
-0.00636898
-0.014026
-0.0057473
-0.00904335
0.022809
0.00797006
0.00421749
0.000344147
-0.0117532
-0.00843917
-0.0149654
-0.0108055
0.0177937
0.0222804
0.0105353
0.0021373
-0.0025713
-0.015739
-0.00669817
-0.0145527
-0.0148755
0.0199839
-0.0071519
0.01152
0.00625877
0.00180899
-0.0136848
-0.00422566
-0.0146508
-0.00897102
-0.011698
-0.00405235
0.0041345
-0.00371031
-0.00257839
-0.0221483
-0.00913933
-0.0183965
-0.0150266
-0.00724828
0.0287285
0.0154056
0.0063485
-0.000533237
-0.0118305
-0.00595523
-0.0131054
-0.0152347
0.0230845
0.0287555
0.0118534
0.00547039
-0.00100748
-0.0122961
-0.00742578
-0.0192407
-0.0189131
0.0181717
-0.00121466
0.00488041
-0.00648599
-0.00527
-0.0216101
-0.0102472
-0.0182047
-0.0131867
-0.00585668
-0.0059834
-3.00604e-005
-0.00739055
-0.00544852
-0.0208145
-0.0126926
-0.025854
-0.0182438
-0.0108188
0.0325706
0.00355956
-0.00612949
-0.00402679
-0.0131595
-0.00794117
-0.0183489
-0.016317
0.0262676
0.0325682
-0.00484089
-0.0129628
-0.0071083
-0.0166615
-0.00907488
-0.0166291
-0.0134802
0.0329365
-0.00331184
-0.00481856
-0.0102807
-0.0040601
-0.01566
-0.0120444
-0.0208245
-0.0112038
-0.00541835
0.000509587
-0.00838583
-0.0151332
-0.00654738
-0.0140924
-0.00818548
-0.0178964
-0.00592373
6.13318e-005
0.0304536
-0.0115414
-0.016471
-0.0103315
-0.0187416
-0.0112618
-0.0165836
-0.0118681
0.0309815
0.0346541
-0.0126384
-0.016192
-0.00655087
-0.0149045
-0.0112858
-0.0158769
-0.00489572
0.0345796
-0.000909355
-0.00891631
-0.017946
-0.00828707
-0.0157102
-0.0110013
-0.0175866
-0.00908449
-0.00070482
0.00195909
-0.00161831
-0.0159217
-0.00233099
-0.0111621
-0.0116386
-0.0152767
-0.00353053
-0.00130901
0.0252927
-0.00926844
-0.00934883
-0.00251236
-0.0182459
-0.00912814
-0.0275294
-0.00455068
0.023125
0.0122153
-0.00551518
-0.00324805
-0.00048222
0.00561402
0.0380965
0.0365149
0.0151745
0.0313432
-0.000536306
-0.0016911
-0.00847773
0.000357078
-0.0220547
-0.00716659
-0.0152415
-0.00592883
-0.00789758
-0.00750536
-0.000652127
-0.000530836
0.00681135
0.0114682
0.0168603
-0.00797427
-0.012634
-0.00760785
-0.00599587
0.00720694
0.0166554
-0.0131065
-0.016817
-0.00148453
-0.00841481
-0.00503285
-0.00953325
0.0157693
0.0274251
0.0364947
0.0220568
-0.03052
0.000125962
-0.00795706
0.00180074
0.00618653
-0.00783851
0.00955446
0.0312958
0.0209572
-0.0183306
0.00218029
0.00404815
-0.00354303
-0.0105089
0.0179869
0.0312285
0.0529646
0.0443617
-0.0130357
0.01155
0.00657325
0.00575688
0.00905481
-0.00974954
0.0123212
0.0171448
0.00997882
-0.0346337
-0.013946
-0.00797222
-0.00358498
-0.0101587
-0.0122556
0.00976265
-0.00834913
-0.000424369
-0.0311063
-0.00545255
-0.00155765
-0.00940754
-0.027774
0.00908439
0.0210795
0.00968687
0.00690042
-0.0258138
-0.00678679
-0.0179106
-0.006615
-0.00664571
0.00429936
0.0102197
-0.000968668
0.00622344
-0.0244772
-0.00508523
-0.00787591
-0.00458102
-0.00727192
-0.0145063
0.00599133
-0.0177124
0.00353613
-0.0102029
0.00868249
0.00778399
-0.00599709
-0.0278953
-0.0188898
-0.00973003
-0.0266528
-0.00544552
-0.0167833
-0.0059314
-0.0129264
-0.0120606
-0.0274578
0.00798834
0.0132753
0.0115076
0.0217017
-0.0108421
0.00368783
-0.00713924
-0.00145268
-0.00287854
-0.00264427
-0.00411328
-0.00820002
0.0107269
-0.0035757
-0.00766683
-0.016848
-0.000543796
-0.00576443
-0.0117988
0.00375082
-0.000216752
0.00278228
-0.00297616
-0.000266247
-0.0104122
-0.00165229
-0.017119
-0.00743131
0.00419311
0.00247981
0.000483986
-0.00834431
-0.00946803
-0.0211411
-0.00859527
-0.0102052
-0.00186571
0.00595858
0.00640453
0.0170522
0.00708177
0.00594625
-0.00388264
0.00789374
0.00403281
-0.00604794
0.000714298
0.00113303
0.0119283
0.00401874
0.00464892
-0.0122868
-0.000353002
-0.00160891
0.0183773
0.00950775
0.00851236
0.00988706
-0.0131877
0.00329955
-0.00887709
0.00217931
0.0160966
0.0019379
-0.00240456
-0.0162896
-0.00997018
-0.0276881
-0.013754
-0.0302923
-0.0167062
-0.00104903
0.0167365
0.00823034
0.00875737
0.0211047
0.00628241
0.0291159
0.000409079
0.0161573
0.0209826
-0.00477178
-0.0100628
-0.0140751
-0.00550905
-0.00779658
0.00154346
-0.0152585
-0.0021641
-0.0023639
0.0145766
0.00218985
-0.0157495
-0.0201729
-0.00723405
-0.0156192
-0.0334676
-0.0150135
0.0140604
0.0220777
0.00801751
-0.00918238
-0.0162519
0.00587881
-0.0160199
-0.0308615
-0.0117154
0.0131653
-0.0125176
-0.00176206
-0.00475882
-0.00138157
-0.0012269
-0.0130879
-0.0312784
-0.0130421
-0.00772551
0.00310963
0.0104857
0.00669034
-0.000694478
0.0108754
-0.0172603
-0.0256866
-0.00900463
-0.0029381
0.0123102
-0.000238061
-0.0182946
-0.0229625
-0.0018772
-0.0202395
-0.0369952
-0.012461
0.0112984
0.00645795
-0.0115835
-0.0221645
-0.0154727
-0.00510992
-0.0175989
-0.0365738
-0.0084236
0.0106694
0.00671642
0.0162774
0.00112346
-0.0201112
-0.00350393
-0.0217769
-0.0295785
-0.00153896
0.00577517
0.0122028
0.00102805
-0.00496698
-0.0132848
0.00183841
-0.0119897
-0.0118551
0.00966353
0.0156725
-0.00716463
-0.0175757
-0.0240704
-0.0157818
-0.00788092
-0.0119744
-0.0321729
-0.0083243
-0.00612468
-0.00624062
0.00503177
-0.00299183
0.00318323
-0.00465639
-0.00978486
-0.0296695
-0.0146466
-0.0107361
-0.000849085
-0.00316351
-0.0144528
-0.0110181
0.000875874
-0.00683472
-0.00381262
0.0163825
0.00710503
8.58883e-005
0.00884102
0.00572098
0.00274654
0.00942095
-0.00363334
-0.00249984
0.00888725
0.00151222
-0.00349091
0.0031867
0.000890082
0.0102963
-0.0245312
-0.00613797
-0.0123139
-0.00510924
-0.00920645
-0.00599687
0.00323493
0.006818
0.0121724
0.0320328
0.000937535
-0.0144733
-0.00702969
-0.00922055
-0.00394372
0.00477926
0.0114234
0.0154314
-0.0219388
-0.00507242
-0.00993933
-0.00531173
-0.00918378
-0.00950941
-0.000210589
0.0110335
0.0052133
0.0319415
-0.00760772
-0.0152356
-0.0108814
-0.0118542
-0.013466
-0.00489244
0.00465041
0.0110738
-0.0435355
0.0113316
0.0123875
0.000941704
-0.0125025
-0.000114565
0.011802
0.0253126
0.0334363
-0.0216756
0.0152765
0.0151048
0.00895244
-0.00563719
-0.0132949
-0.00799427
-0.00389372
0.0101773
-0.0434208
0.0068185
0.0142492
0.00282658
-0.00940753
0.0249442
0.0234199
0.0239909
0.0464085
-0.00950957
0.0272736
0.0237066
0.0207641
0.0174048
-0.00946968
0.000846419
-0.0117808
-0.00314017
-0.0448603
-0.00587348
-0.0123503
-0.00130398
-0.014719
-0.00687707
0.00234724
-0.006586
-0.0017985
-0.0423767
-0.000353602
-0.0125348
-0.00926582
-0.00945124
0.0165254
0.0244573
0.0217734
0.00381315
-0.0313754
0.000659463
-0.00450322
0.00396514
0.00981054
-0.000357781
0.0121992
0.00496556
-0.000429694
-0.0348009
-0.0025077
-0.0132691
-0.00208045
-0.00304128
-0.000291686
0.00985805
0.00454843
0.0170267
-0.0281601
0.00354091
-0.0101726
-0.00603051
-0.00386662
-0.0074761
0.00104815
0.00467586
0.00611079
-0.0258713
-0.00980706
-0.0241299
-0.0102049
-0.0102759
0.00808101
0.0161194
0.00388051
0.0111497
-0.0266028
0.00620331
-0.0196683
-0.00753308
0.00180806
0.00519897
0.0123148
0.00724806
-0.00521339
-0.0326804
-0.00878159
-0.0181007
-0.0126416
-0.000158564
-0.00439586
0.00616717
0.00571929
0.00385945
-0.0207847
0.0030748
-0.0087067
-0.00424192
-0.0034478
-0.011924
-0.00628484
-0.0194675
-0.00977257
-0.0155157
-0.00195313
-0.0178097
-0.00747624
-0.0130986
0.0135008
0.0197321
0.0160542
-0.00419253
-0.0311575
-0.00434645
-0.00886575
-0.00494672
0.0054268
0.0179522
0.00624493
-0.0135962
-0.00152151
-0.0148084
0.0178011
-0.00195554
-0.000604188
0.00649922
-0.0022617
0.000599538
-0.00821787
0.00322055
0.000333212
0.0164946
-0.0108806
-0.0028243
-0.00409043
-0.0260312
-0.0173426
-0.0248725
-0.00469291
-0.00860455
-0.00371013
-0.0275547
-0.0177786
-0.0267977
0.0174214
0.00872426
-0.00794265
0.0115057
0.019622
0.0458815
0.0139298
0.0162516
0.0194321
-0.0199689
-0.0196046
-0.0291253
-0.00796712
0.00222015
0.00849433
-0.0334489
-0.0164891
-0.0212521
-0.0276969
-0.0131047
-0.0117206
-0.00403278
-0.00729263
-0.0100829
-0.032246
-0.0199156
-0.0272712
-0.0230958
0.00163308
0.013119
0.00398275
-0.0148616
-0.0202214
-0.0351216
-0.0233185
-0.026218
-0.0055222
-0.0100357
-0.0061799
0.000667514
-0.00978296
-0.00233351
-0.0334834
-0.0228686
-0.00938962
-0.00107754
0.0103991
0.0190113
0.0255063
0.00272693
-0.0129117
-0.0280861
-0.0190857
-0.00980958
-0.00959245
0.00446266
0.000720136
-0.0116329
-0.0280087
-0.0242911
-0.029762
-0.012783
-0.0144135
-0.00540344
-0.00191954
-0.0111998
-0.0150021
-0.0147718
-0.0181875
-0.00573409
-0.00135825
-0.00322746
-0.00211693
0.0100556
-0.00094237
0.00132316
-0.0156607
-0.0186319
-0.0253649
-0.0201631
-0.0129682
0.017046
0.022725
0.00866281
-0.00120521
-0.00468788
-0.00718349
-0.0011413
-0.0037687
0.00211066
-0.0162364
-0.0124434
-0.0280128
-0.0190729
-0.0163379
-0.0100604
0.00472644
0.0132945
-0.00879948
-0.0250693
-0.00940926
-0.0210344
-0.0165021
-0.0193166
-0.00986494
-0.00627725
-0.00467279
-0.0194203
0.00169431
-0.00434634
-0.0221481
-0.0108225
-0.0115729
-0.00129115
0.00778751
0.00520907
-0.00260688
-0.00441626
-0.0058567
-0.0163425
-0.0118806
-0.00405377
-0.00399063
0.00360731
-0.00549748
-0.00584482
-0.00667719
0.00765278
0.0041888
0.00401441
-0.0252193
0.000315826
0.010388
-0.00159411
-0.00765747
-0.00978713
-0.00211706
0.00216054
-0.00719486
0.0137768
-0.0148083
-0.0117327
-0.00725227
-0.00973255
0.0058237
0.0119438
0.00220333
0.00507868
-0.0072802
0.018373
0.020134
0.00690943
0.00419526
-0.00453439
-0.0011843
-0.0010397
-0.00868315
0.0157541
-0.00998838
0.00138056
-0.0010177
-0.0037817
-0.0112283
-0.00788314
-0.00982533
-0.00274774
-0.0401963
-0.000124727
0.0148648
0.00679846
-0.00462846
0.0202428
0.0190499
0.0240362
0.0267137
-0.015251
0.0364169
0.0384631
0.0332328
0.0274679
-0.0141761
-0.00650198
-0.00906859
-0.000381693
-0.0285562
-0.0125653
-0.00522151
-0.00242063
-0.0104373
0.00720254
0.0129265
0.0204549
0.0210271
-0.0238467
0.0176362
0.00825396
0.00765253
0.00853663
0.00836838
0.0218688
0.0153652
0.00819429
-0.034743
0.000248965
-0.00940109
-0.00229648
0.00207244
0.00779493
0.023754
0.00520753
-0.008813
-0.0395493
-0.00774341
-0.0202925
-0.00377522
-0.00250034
0.00232005
0.0195698
0.00476205
-0.00253608
-0.049315
-0.0102564
-0.0216823
-0.0106692
-0.00281432
0.00959993
0.0336301
-0.00205765
-0.0167982
-0.0555428
-0.0107943
-0.0217341
-0.00216348
0.00107084
-0.00341194
0.0237283
0.013919
0.00513522
-0.0149318
-0.00145332
-0.0227704
-0.00648864
-0.00891248
-0.0139609
0.00631232
0.00699278
-0.00773439
-0.0361296
-0.00689235
-0.0118224
-0.00868731
-0.00975411
0.000852692
0.0247529
0.0155407
0.0044141
-0.0324769
-0.00244752
-0.0105187
-0.0033208
-0.00988903
-0.00605806
0.00723454
-0.00141306
0.00894163
-0.0356088
-0.00178007
-0.0130033
-0.00216941
-0.0035728
0.0045584
0.0115502
0.000680048
-0.0180256
-0.0380766
-0.00179296
-0.00456657
0.00240168
0.000199981
0.0042656
0.00852666
-0.0138438
-0.00979513
-0.0169852
0.0121058
-0.00737223
-0.00495906
-0.0067794
0.00883708
0.0117909
-0.000235861
-0.00498781
-0.0317996
0.000323742
-0.00707788
0.0037384
0.00900411
0.00994339
0.00453313
-0.015334
-0.0114157
-0.0248797
0.00444544
-0.0147375
-0.00642332
-0.00107545
-0.0008389
-0.0120228
-0.0205473
-0.00137165
-0.00174629
0.0256769
-0.0045199
-0.00608893
-0.00834963
-0.0225128
-0.016818
-0.0311268
-0.0136968
-0.0164815
-0.00368131
-0.037732
-0.0232061
-0.0275124
-0.00110571
0.00568813
-0.0215074
0.000937522
-0.00445769
0.0160999
-0.0115175
-0.00793294
-0.00160767
-0.0120087
-0.00664602
-0.00357558
-0.00279068
-0.0158128
-0.00490649
-0.0319832
-0.0198214
-0.0199286
-0.0205994
-0.0150985
-0.0216631
-0.00889431
-0.0275878
-0.00554492
-0.0352601
-0.0270088
-0.025558
-0.00995015
0.00566077
-0.013002
-0.00612434
-0.0229193
-0.0109429
-0.0312212
-0.0245321
-0.0237094
-0.00801703
0.00985934
0.00454008
0.00710756
-0.023615
-0.00515588
-0.0188519
-0.0219865
-0.0159244
0.00763986
0.01682
0.028132
0.0106891
-0.0276042
-0.00233717
-0.0146337
-0.00838988
-0.00896236
-0.00629353
0.00910847
-0.000737098
0.0053866
-0.045699
-0.00145057
-0.0131561
-0.0098949
-0.0138974
0.000685668
0.00285979
-0.00826328
-0.00260301
-0.0276204
-0.00822341
-0.00873775
-0.00850036
-0.00399988
0.0120622
0.0209683
0.0164918
0.00144721
-0.0364589
0.00206775
-0.0123749
0.00413634
0.00123212
0.0171947
0.00981717
-0.00577299
-0.00384458
-0.0240118
-0.0109025
-0.00953493
-0.00182351
0.011107
0.000101571
-0.00786211
-0.028394
-0.0115735
-0.037197
-0.0113654
-0.00196859
-0.00739489
-0.00570544
-0.00366871
-0.0099872
-0.0284667
-0.00424604
-0.029236
-0.00342667
0.00261393
-0.0101596
-0.0132222
0.00892861
0.000784325
-0.015541
-0.00880933
-0.0408269
-0.0127399
-0.00506124
-0.000619713
0.00722518
-0.00118265
0.00167627
-0.0107114
-0.000288296
-0.0257931
-0.00621255
0.00980401
-0.000603417
-0.00860198
0.00751417
0.0043371
-0.00190458
0.00966582
-0.00783744
0.0149157
0.0170961
0.00219353
0.00522255
-0.00708136
-0.00562048
-0.00805194
-0.0138264
-0.0195002
-0.01884
0.00421862
-0.00426574
-0.00573055
0.0107435
0.00749009
0.0060311
0.0138668
-6.78757e-005
0.0243846
0.0309564
0.0146358
0.00712341
-0.0109604
-0.00699548
-0.00928285
-0.0098514
-0.02194
-0.00178888
0.0108643
-0.00260886
-0.00992137
-0.0115178
-0.00388262
-0.00673791
0.00194985
0.00879564
-0.00283991
-0.00864775
-0.00517769
-0.00925522
0.00623405
0.0109748
0.0112285
0.0189932
-0.0210224
0.0263325
0.0026572
0.00292759
0.0109142
-0.0153304
-0.00673606
-0.00739221
-0.012249
0.00835992
-0.002543
-0.0146406
-0.011285
-0.01588
-0.0156018
0.00294599
0.000181491
-0.000785057
-0.0277434
0.0144591
0.00506667
-0.00200904
-0.0143209
0.0138576
0.0303152
0.0105712
0.00416697
-0.0193056
0.00681129
-0.00937002
0.00772601
0.0140006
0.0178546
0.0386886
0.0126672
0.00201016
-0.0199697
-0.00681403
-0.0119124
0.000105124
0.00753518
-0.0271731
-0.00033177
-0.0111095
-0.0177619
-0.0301095
-0.00931034
-0.0190342
-0.0128378
-0.0238982
-0.0142453
0.00448687
-0.0106757
-0.0016376
-0.0205607
-0.0204482
-0.0335786
-0.0196303
-0.0212435
0.00103155
0.0181975
0.00878913
0.00438196
-0.0168081
-0.00311852
-0.00673087
0.00473284
-0.00485462
-0.00374612
0.00557011
0.00718128
0.0176832
-0.0124602
0.00149129
-0.00203534
0.00699671
0.00420021
-0.0180327
-0.00772674
-0.0146028
0.00646005
-0.0118069
-0.00705854
-0.0260974
-0.0189575
-0.0235622
-0.0231499
-0.0141011
-0.00395611
0.0136352
-0.00766128
-0.0101338
-0.025868
-0.00136007
-0.0118082
0.00211452
0.00574371
-0.00571055
0.00257208
-0.0240224
-0.00941519
-0.0162085
0.00227049
0.00477289
0.0017272
0.0132388
-0.0146454
-0.013881
-0.0311809
-0.00896126
-0.0177519
-0.0123393
-0.00666392
-0.0134701
0.00675859
0.00393413
0.00547311
-0.0179883
-0.0145256
-0.0239724
-0.00345317
-0.00737086
-0.00900616
0.00710204
-0.00536272
-0.00408996
-0.0263445
-0.0125717
-0.018527
-0.0115508
-0.0222301
-0.00296106
0.00772234
-0.0118257
0.000661074
-0.00993339
0.000671392
-0.0135693
-0.0119114
-0.0100713
-0.0156681
-0.00787132
0.00188214
0.0114816
-0.0113128
-0.0071588
-0.022895
-0.021263
-0.0189423
-0.0110646
0.00510494
-0.0124685
-0.00785495
-0.0211972
-0.00404941
-0.0127526
-0.0100648
-0.0218703
-0.0224831
-0.00921828
-0.0051236
0.0052648
-0.0109412
0.0153687
-0.0076684
-0.0228787
-0.0289728
-0.0164505
0.000513262
0.0088782
0.00801507
-0.0355336
-0.00135971
-0.00905447
-0.0195633
-0.0187218
-0.00695321
0.0116862
0.0307841
0.00558422
-0.044355
0.00103482
-0.0111513
-0.0067336
-0.0158866
-0.021095
-0.00404312
0.0127983
0.0112495
-0.0315563
0.0106575
-0.00173646
-0.0199187
-0.0302952
-0.0120165
0.0215665
0.0101833
0.0113264
-0.0283851
0.00450005
-0.00413607
-0.010513
-0.0206688
0.00203178
0.0244953
0.0168221
0.00726142
-0.0231647
0.00598805
-0.00897679
0.00284522
-0.00389484
0.000491566
0.00784525
-0.00673272
9.32414e-005
-0.0163789
0.00317745
-0.0118953
-0.00117269
-0.000698486
-0.000242699
0.0241596
0.00533627
0.0065921
-0.0113276
0.00996832
-0.0120354
-0.00240731
-0.0101573
-0.0125775
-0.00327803
-0.0141554
-0.0120785
-0.0164082
-0.0017117
-0.0221697
-0.0149313
-0.0162938
-0.000197382
-0.00412763
-0.0208893
-0.0115744
-0.0343352
-0.000670996
7.91047e-005
-0.00502542
-0.00418553
-0.00339504
0.00884134
-0.00686664
0.000808923
-0.032506
0.0148946
0.0233268
-0.00405303
-0.0116335
-0.0117835
-0.0153938
-0.0270271
-0.0197883
-0.0339316
0.00691806
-0.00684317
-0.0106948
-0.0124852
-0.00862
0.0102301
0.00589486
0.016361
-0.0211394
0.0334008
0.0147887
-0.00446139
-0.0126233
0.00645251
0.0103352
0.0162641
0.0162908
0.00546236
0.0199494
0.0242898
0.00232777
0.00192539
-0.00957112
-0.00536656
0.00298274
-0.00303839
-0.0306806
-0.00308071
0.00796416
-0.00342903
-0.0098515
0.00580236
0.00884769
0.0225485
0.020705
0.00203709
0.038229
0.029423
0.000519522
0.00185311
-0.00984491
-0.00283033
0.0101745
0.00576847
-0.0327352
-0.0101297
-0.00642598
-0.0076017
-0.0104157
-0.0149023
-0.00673546
-0.00698232
-0.00927112
0.0254525
0.0118073
-0.00216307
-0.00627815
-0.0135457
-0.0150176
-0.00403899
-0.0029051
0.000379126
-0.0314037
0.0162777
0.0114155
0.00942227
-0.0091615
-0.0164983
-0.00949656
-0.0108337
-0.00664011
0.0184365
0.00605641
0.00870461
-0.000474045
-0.0165754
-0.0237582
-0.0160797
-0.0157957
-0.00387548
-0.050206
0.0032113
0.012085
0.00575178
-0.020193
-0.0142228
0.00848668
-0.00377814
-0.0164138
-0.0051065
-0.00998213
-0.013142
-0.0017076
-0.0121301
-0.0058211
0.00707613
-0.000536502
0.00805988
0.020427
-0.00346842
-0.0224068
-0.00393733
-0.00807344
-0.0354868
-0.0192545
-0.0216092
-0.0242725
-0.00767914
-0.0211166
-0.0294296
-0.0114067
-0.0254338
-0.0124317
-0.0132788
-0.0154203
-0.00193367
0.01644
-0.00284677
-0.0339467
-0.00576877
-0.0135105
-0.0152625
-0.00569778
-0.0188849
-0.00331361
0.00497662
-0.0101092
-0.0237193
-0.0157981
-0.0186409
-0.0245809
0.000973092
0.00440207
0.0112375
0.00545136
-0.0162664
-0.0297176
-0.00774518
-0.0213561
-0.0162941
-0.0114466
-0.025079
-0.00922086
0.00632045
-0.0122917
-0.0336884
-0.0173458
-0.0173914
-0.0215683
-0.00536359
-0.0134992
-0.00224562
0.0169195
-0.0118664
-0.0333038
-0.0198469
-0.0228574
-0.0150942
0.00733982
0.00335157
0.0100413
0.00115487
-0.0106131
-0.02107
-0.00334061
-0.0135997
-0.0126312
-0.00115596
-0.0113562
0.00529877
-0.0017577
-0.00395922
-0.0121426
-0.00291486
-0.0106012
-0.0119116
0.00242153
-0.0143057
-0.00666514
-0.00408313
-0.00922529
-0.0293101
-0.0118375
-0.0159192
-0.0278417
-0.0026808
-0.0198169
-0.00824671
-0.00903014
-0.00835537
-0.0309717
-0.0153042
-0.0218109
-0.00999547
0.00852469
-0.0104094
0.00704341
-0.0234472
0.00727722
-0.00219725
-0.00196362
-0.0111026
-0.0153277
0.00390878
-0.00617362
0.00515107
-0.0099086
0.0233203
0.00859275
-0.0100397
-0.0195122
-0.0195736
-0.00129643
-0.0175721
-0.00461032
-0.0317114
0.00229104
-0.0164415
-0.00743865
-0.0186721
-0.00487954
0.00564483
-0.000283644
0.00770293
-0.0209952
0.0040397
-0.0127934
-0.0149617
-0.0142809
-0.019059
-0.00931904
-0.00198687
0.00244285
-0.0364584
0.0103458
0.0014641
-0.0119578
-0.0233806
-0.005373
0.00277863
-9.05239e-005
0.00609143
-0.0223861
0.00357976
0.00607913
-0.000642351
-0.0103327
-0.0159261
-0.015901
-0.00467807
0.0105921
-0.0448355
-0.00326917
-0.0107088
-0.0122798
-0.0135259
-0.0112361
-0.0117635
-0.00762537
0.0100553
-0.027385
0.00250032
-0.0134993
-0.00101282
-0.00845264
0.00149015
0.0193752
0.00653951
0.015723
-0.00829549
0.00619167
0.00453489
0.00311025
-0.0108269
-0.0195671
-0.0076196
-0.0205127
-0.0164742
-0.0218152
-0.00650281
-0.0308983
-0.0148363
-0.0213613
-0.00405221
4.77698e-005
-0.000210637
0.0111368
-0.0223476
0.00948065
0.000840554
0.00587041
-0.0126084
-0.0230779
-0.00589361
-0.0110664
-0.00487795
-0.0284369
-0.00521641
-0.0118555
-0.0101206
-0.0217489
-0.0176018
-0.0103853
-0.013435
-0.0188768
-0.0409147
-0.000440385
-0.0136982
-0.0149599
-0.0157639
-0.0168085
0.00790831
0.0102963
0.0145426
-0.0405959
0.0202094
0.00723911
-0.00825465
-0.0206776
-0.0164392
-0.00300366
0.00678268
-0.00106559
-0.030986
-0.011948
-0.0195867
-0.00616543
-0.0155876
-0.010198
0.0156606
0.0309932
0.0400008
-0.0326357
0.00984589
-0.00970075
-0.00181636
-0.0202553
0.00362549
0.0158557
0.0326368
0.0296784
-0.0083073
0.0323943
0.0283964
0.00282359
-0.00220651
-0.00720107
-0.000232082
0.0137932
0.000603703
-0.0395058
-0.00632237
-0.00719147
-0.00532541
-0.00804693
0.006956
0.0186524
0.0371491
0.0413773
-0.00347857
0.0279549
0.0172731
0.00227864
-0.00283698
-0.00730777
-0.00495966
-0.00452545
-0.0110698
-0.0383861
-0.000893865
-0.00473832
-0.00519351
-0.00833002
-0.010844
-0.00638459
-0.0025648
0.00983894
0.0230393
0.0017237
0.0139754
-0.00110882
-0.012726
-0.0157039
-0.0110066
-0.0126475
-0.00430224
-0.0450982
0.00623383
0.0153206
0.00436328
-0.0186597
-0.0155441
-0.0079579
-0.00846221
0.00372182
0.0276661
-0.00614564
-5.72752e-005
-0.00748634
-0.0177915
-0.0265846
-0.0138416
-0.0137076
-0.0103891
-0.0503408
-0.00278846
0.00618169
0.00587416
-0.0251401
-0.0201086
-0.0116773
-0.0158127
-0.0178114
0.00636703
-0.0157187
-0.0113786
-0.00486491
-0.0122482
-0.00881196
-0.00475944
-0.0106881
0.00150179
0.032975
0.00325567
-0.0294727
0.00186432
-0.00698514
-0.0319136
-0.0196652
-0.0154491
-0.0215503
-0.00659887
-0.015393
-0.0136707
-0.00706841
-0.0228415
-0.0194128
-0.0227455
-0.02204
-0.0104046
0.0266199
-0.00275847
-0.0214325
-0.00649779
-0.012636
-0.0100332
-0.00803865
-0.0168685
-0.00443632
0.0274301
-0.00074738
-0.0300003
-0.00919614
-0.00677449
-0.0110968
-0.00288674
-0.0151446
-0.00730896
0.035254
0.00729272
-0.0231166
-0.00750644
-0.0153921
-0.0234234
-0.0234349
-0.0319633
-0.0145766
0.0148989
-0.00276975
-0.0298229
-0.0154053
-0.0201498
-0.0275861
-0.0139475
-0.0289504
-0.0195229
0.0258704
0.0114099
-0.0185193
-0.0236149
-0.0335511
0.00113687
0.010421
-0.00524989
-0.00973716
0.00556833
-0.00470999
-0.0205753
-0.00386834
-0.0135067
-0.00787808
0.00601699
-0.00508316
-0.00511612
0.00347549
-0.0120238
-0.0172251
-0.00434321
-0.00746986
-0.0147196
0.00289345
-0.0156223
-0.0145627
0.00418068
0.00198491
-0.0201864
-0.018083
-0.029428
-0.0218603
-0.00550739
-0.0190137
-0.0159727
-0.0104659
-0.0140992
-0.0206381
-0.0118755
-0.0215283
-0.00415735
0.00126816
-0.00935609
-0.00311377
-0.0233376
-0.00643802
-0.020164
-0.00105712
-0.00707304
0.00230978
0.00556038
-0.00208346
0.0169282
-0.00734338
0.0154467
-0.00501844
-0.00847122
-0.00071774
-0.0168161
-0.00285366
-0.0198791
-0.0127989
-0.0311473
-0.0166101
-0.02379
-0.00504218
-0.0124553
-0.00779848
0.00863773
-0.00741113
0.000271715
-0.0196931
0.0153094
-0.0124121
-0.00420669
-0.00843517
-0.00243701
-0.00606709
-0.00341962
0.00101317
-0.0329509
0.0038153
-0.00709268
-0.0090474
-0.00187897
0.000140769
-0.00790278
-0.0060317
0.0082587
-0.0281081
0.0182043
0.0124684
0.00568672
0.00378063
-0.0112267
-0.0102171
-0.0211162
-0.0123083
-0.0394578
0.0077446
-0.00957682
-0.00474159
-0.0134827
-0.00946501
-0.0169067
-0.0268725
-0.00641106
-0.0460969
0.0126611
0.0176979
0.00577766
-0.00422251
-0.00797049
0.00160794
-0.00334129
0.00237029
-0.0368298
-0.000414746
0.00616712
0.0050112
-0.00588729
-0.0166169
0.00289467
-0.00424107
-0.00183082
-0.0362167
-0.00451611
-0.00112793
0.00367854
-0.013774
-0.000257333
-0.00522188
-0.0233781
-0.0112644
-0.0438808
0.0130751
0.018798
0.016241
0.00062013
-0.00141807
0.00642823
0.00334263
0.00289371
-0.0306084
-0.00389594
-0.0140408
0.00284621
-0.0147135
-0.0134672
0.0143774
0.0118257
0.00227902
-0.0387572
-0.00798146
-0.00993791
0.00288143
-0.012504
-0.00876829
0.0116505
0.0232775
0.0285443
-0.0255283
0.00213104
-0.00846036
0.00341361
-0.0117454
-0.00837139
0.0199758
0.0200914
-0.00309618
-0.0333475
-0.00874256
-0.0106831
0.00516228
-0.00987737
-0.0199826
-0.00569409
0.00419106
0.0100589
-0.0323852
0.0047267
-0.0137038
0.0063886
-0.0142226
0.00382762
0.0157557
0.0376544
0.0451657
0.0155618
0.0223187
0.00462993
0.0030471
-0.00128257
-0.00628537
-0.00621732
-0.0084198
-0.0051148
-0.0150525
-0.00182606
-0.00569167
-0.00528691
-0.00689824
-0.00364425
0.00332613
0.0263246
0.0313234
0.000470028
0.0104406
-0.000963235
0.0146736
0.00113392
-0.0100339
-0.00678016
-0.00900262
-0.00911331
-0.0149317
-0.0146863
-0.0127717
-0.00767119
-0.0101645
-0.0126264
-0.00363018
-0.00531233
0.00682149
0.0563638
0.00414483
0.000522388
-0.0052789
-0.0145759
-0.0141058
-0.00800487
-0.0098985
-0.00536517
-0.0333427
0.00675075
0.0057842
0.00556104
-0.0126501
-0.0106112
-0.00673492
-0.0115922
-0.00447435
0.0552231
-0.0119289
-0.0275384
-0.00905078
-0.0115545
-0.00727673
-0.00955356
-0.018926
-0.0104865
-0.0362587
-0.0059236
-0.0083496
-0.0090856
-0.00908164
-0.0145101
-0.0180806
-0.0169143
-0.0170799
-0.00445068
-0.0172512
-0.0153461
-0.00610025
-0.00316681
0.00178656
-0.0173804
-0.0261269
-0.0147394
0.0130351
-0.00574234
-0.0153415
-0.0031458
0.00198022
0.00362215
-0.0147637
-0.0291559
-0.018494
-0.0126869
-0.0170705
-0.0131726
-0.0164449
-0.000817111
0.00448245
-0.006128
-0.030504
-0.015067
0.0065513
-0.00126951
-0.00447493
-0.0113465
0.00737473
-0.00577674
-0.0160787
-0.0293895
-0.0140249
0.0149594
-0.00320692
-0.020469
-0.0091948
-0.00135263
-0.0099288
-0.00738515
-0.0215027
-0.0154469
0.0209712
0.00907862
-0.00555195
-0.0140043
-0.0108552
-0.0128587
-0.00920556
-0.0272334
-0.0139147
0.0094759
-0.00548835
-0.00782812
-0.0152995
-0.0121004
-0.0117422
0.000881377
-0.00849305
-0.00661122
0.0014339
-0.000399932
-0.0104678
-0.0164818
-0.014886
-0.00522723
0.00618852
-0.00579165
-0.0125442
0.00156923
0.00749988
-0.00711775
-0.0041295
-0.0112258
-0.000844433
0.00570227
-0.00493824
-0.0141555
-0.00649786
-0.0132676
-0.0144479
-0.0077528
-0.00120714
-0.0116399
0.00244992
-0.0054498
-0.00926569
-0.00462512
-0.0103893
-0.0192331
-0.0112108
-0.0142964
-0.0191083
-0.00101078
-0.0110267
-0.010991
-0.00637473
-0.0203107
-0.0328648
-0.015304
-0.0149564
-0.00140089
0.00730486
-0.00548826
-0.00448719
-0.01781
-0.0172508
-0.0229437
-0.00468607
0.00139774
0.00356161
0.0168005
0.00253478
0.00489636
-0.00755387
0.0111202
7.22559e-005
0.00475946
0.00608426
-0.0157639
0.00914099
-0.0105307
-0.00627753
-0.0215623
-0.0217358
-0.0421405
-0.0216913
-0.01363
-0.0060868
0.00628481
-0.00169005
0.00185557
-0.0152096
-0.0183292
-0.0378861
-0.0309603
-0.0154359
0.00888478
0.00272263
-0.0125804
-0.00714276
-0.0388412
0.00521523
0.00875352
0.00453983
0.00281408
0.0139905
-0.00194131
-0.0195896
-0.00120119
-0.0263908
0.0279553
0.0298041
0.0231234
0.0197887
-0.00454047
-0.00127194
-0.0117858
-0.00206476
-0.041221
-0.0151276
-0.0297775
-0.0266086
-0.0197756
-0.0104317
-0.0155475
-0.0246177
-0.00552653
-0.0390739
0.00866354
0.000411318
0.00536872
-0.00425374
0.00703721
0.00164397
-0.0258696
-0.0118816
-0.0392694
0.00759519
0.0217077
0.0285472
0.00977025
0.0166699
0.020952
-0.00324194
0.00708063
-0.0344425
-0.00475712
-0.00642821
0.010345
0.00834483
-0.00781605
-0.0129326
-0.036205
-0.0142786
-0.0422381
0.00116987
0.00326414
0.0186335
-0.00637222
0.00626415
0.0111208
-0.0196529
-0.0071799
-0.0410051
-0.0105245
-0.0104827
0.0150003
-0.00273667
0.0190174
0.0282121
0.0253379
0.0136141
-0.024938
-0.00719245
-0.0106916
0.00707674
2.61403e-005
-0.00563295
0.00778201
0.0192662
0.0256709
-0.0210943
0.00782271
-0.00760706
0.00736121
-0.00408157
0.00332389
0.0191687
0.00839632
0.00528884
-0.0389147
-0.0183085
-0.0227342
-0.000588291
-0.00978684
-0.0215752
-0.00462614
0.000551921
0.00599172
-0.0347062
-0.0112364
-0.0216532
-0.00391825
-0.017154
0.00357615
0.010662
0.0259156
0.0311281
0.0116796
0.00760703
0.00503278
0.0182912
0.00941665
-0.00611976
-0.00029051
0.00159172
0.000149208
-0.000116621
-0.00391051
-0.00908885
-0.0028359
-0.0062074
0.00455071
0.00640259
0.0179602
0.0212319
-0.0107155
-0.00141897
-0.00153377
0.0093498
0.00449729
-0.00700766
-0.00783824
-0.0192025
-0.0222325
-0.000895256
-0.0069666
-0.00745214
-0.00236799
-0.00705674
-0.0110447
-0.00824884
-0.0111703
-0.00480294
0.0130924
0.00646054
-0.0226962
-0.0179305
-0.00904423
-0.00678552
-0.00616815
-0.0133429
-0.00679225
-0.033144
-0.0111724
-0.0263086
-0.0171751
-0.0100697
0.0415885
-0.00651122
-0.00734938
-0.00262736
0.0131278
0.0338979
0.0376312
0.0430373
0.0452356
0.0401523
-0.00356442
-0.00672987
-0.00378406
-0.0323876
-0.0100015
-0.0366796
-0.0235775
0.0318603
-0.00723628
-0.000521279
-0.0127176
-0.00870703
-0.0301161
-0.00397123
-0.00292799
-0.0126811
-0.0172724
-0.00355682
-0.00192638
-0.0140601
-0.00820526
-0.020768
0.00133793
-0.000482358
-0.0114589
-0.0159488
0.0369199
0.0061133
-0.00454077
-0.00428852
-0.0265503
-0.00454269
-0.0189106
-0.0273692
0.0325713
0.0296939
0.00483445
-0.00735159
-0.00728058
-0.018978
0.000503962
0.00238454
-0.0106298
0.0268439
-0.00393874
-0.000882854
-0.0106093
-0.00560812
-0.009304
0.00410356
0.00853581
-0.00485829
-0.0138994
-0.0012726
0.0045567
-0.00823594
-0.00839698
-0.0158757
-0.00672482
-0.00354205
-0.00482578
-0.0125233
0.0229933
0.0019143
-0.00806826
-0.00655456
-0.0120304
0.00130231
0.00546509
0.000134356
0.0217817
0.0282033
0.00563172
-0.00941181
-0.00905155
-0.0171418
-0.00743651
0.00102829
-0.00104268
0.0242235
0.0014766
0.00834675
-0.00101137
-0.00270717
-0.00837637
-0.00677097
-0.00380153
0.00208291
-0.0114865
-0.00476667
0.00565474
-0.00252899
-0.00761405
-0.0104643
-0.0123773
-0.0100014
-0.000232176
-0.0102153
0.0285796
0.00527472
-0.0067624
-0.00661678
-0.0113042
-0.00733822
-0.00839101
-0.00520758
0.025803
0.0217568
-6.59188e-005
-0.00609091
-0.0105453
-0.0157993
-0.0134446
-0.0169706
-0.0116625
0.0199837
-0.00510299
0.0061519
-1.75559e-005
-0.0040105
-0.0084905
-0.0096187
-0.0153267
-0.0040835
-0.00864023
0.00435001
0.0103557
0.00416322
-0.00237549
-0.0117844
-0.0107984
-0.0174262
-0.008583
-0.00950369
0.0240311
0.00273177
-0.00406852
-0.00739854
-0.0121706
-0.0113519
-0.0150736
-0.00937611
0.0240706
0.0263777
0.00568536
0.00082984
-0.00738127
-0.0146201
-0.0125775
-0.0169193
-0.00806548
0.0248038
0.0090105
0.0104917
0.00764678
-0.00116462
-0.0138308
-0.008015
-0.00859148
-0.0093745
-0.00429602
0.00369513
0.00615833
0.00080263
-0.00127092
-0.0100035
-0.00316363
0.00355136
0.00548448
-0.00182275
0.0229534
0.0015405
-0.000416152
-0.0070635
-0.0141522
-0.0125772
-0.0197197
-0.0136956
0.019872
0.0211693
0.000898756
-0.00340528
-0.0081725
-0.0124854
-0.0113955
-0.0176926
-0.0174195
0.0196871
0.0029551
0.0113142
-0.00155924
-0.000718122
-0.0126862
-0.00493264
0.00689311
0.013102
-0.00307977
0.0187935
0.0291592
0.00808198
0.000131348
-0.0131527
-0.00343918
0.0107058
0.0225471
0.00673554
0.00996256
0.00299141
-0.0089539
-0.00662244
-0.0145971
-0.00926492
-0.0117549
-0.0066292
0.00992133
0.0106622
0.0101849
-0.00719226
-0.00482837
-0.01439
-0.00499696
-0.00665876
-0.00252234
0.0118418
0.012949
0.027069
0.0165064
-0.00253749
-0.0145848
-0.0075197
-0.00513825
0.00714185
0.000434588
-0.00180976
0.0139382
0.0148896
0.00276801
-0.0074248
-0.00515883
-0.00360735
0.000958492
-0.000181838
0.0122441
0.00220739
-0.00524861
-0.00870678
-0.0169791
-0.00557233
-0.00918771
-0.00889445
0.0137616
0.0139177
-0.0153391
-0.0131963
-0.0135501
-0.0158436
-0.00690947
-0.0121031
-0.0052737
0.0174712
-0.00181893
-0.00599138
-0.0057457
-0.00293422
-0.0184069
-0.00794552
-0.00613062
0.000788194
0.000930332
-0.00507437
-0.020287
-0.00828223
0.0151811
0.00307312
-0.0063501
-0.00830332
-0.00399437
-0.0060523
0.0280604
-0.0161409
-0.0263067
-0.0144988
-0.0210609
-0.00762969
-0.0107467
-0.00113644
0.0270823
0.0314467
0.0263869
0.0324953
0.0426565
0.00527156
-0.00482548
-0.00911438
-0.00340393
0.0228954
0.789871
